0.000000 0.500000
0.010000 0.500000
0.020000 0.500000
0.030000 0.500000
0.040000 0.500000
0.050000 0.500000
0.060000 0.500000
0.070000 0.500000
0.080000 0.500000
0.090000 0.500000
0.100000 0.500000
0.110000 0.500000
0.120000 0.500000
0.130000 0.500000
0.140000 0.500000
0.150000 0.500000
0.160000 0.500000
0.170000 0.500000
0.180000 0.500000
0.190000 0.500000
0.200000 0.500000
0.210000 0.500000
0.220000 0.500000
0.230000 0.500000
0.240000 0.500000
0.250000 0.500000
0.260000 0.500000
0.270000 0.500000
0.280000 0.500000
0.290000 0.500000
0.300000 0.500000
0.310000 0.500000
0.320000 0.500000
0.330000 0.500000
0.340000 0.500000
0.350000 0.500000
0.360000 0.500000
0.370000 0.500000
0.380000 0.500000
0.390000 0.500000
0.400000 0.500000
0.410000 0.500000
0.420000 0.500000
0.430000 0.500000
0.440000 0.500000
0.450000 0.500000
0.460000 0.500000
0.470000 0.500000
0.480000 0.500000
0.490000 0.500000
0.500000 0.500000
0.510000 0.500000
0.520000 0.500000
0.530000 0.500000
0.540000 0.500000
0.550000 0.500000
0.560000 0.500000
0.570000 0.500000
0.580000 0.500000
0.590000 0.500000
0.600000 0.500000
0.610000 0.500000
0.620000 0.500000
0.630000 0.500000
0.640000 0.500000
0.650000 0.500000
0.660000 0.500000
0.670000 0.500000
0.680000 0.500000
0.690000 0.500000
0.700000 0.500000
0.710000 0.500000
0.720000 0.500000
0.730000 0.500000
0.740000 0.500000
0.750000 0.500000
0.760000 0.500000
0.770000 0.500000
0.780000 0.500000
0.790000 0.500000
0.800000 0.500000
0.810000 0.500000
0.820000 0.500000
0.830000 0.500000
0.839999 0.500000
0.849999 0.500000
0.859999 0.500000
0.869999 0.500000
0.879999 0.500000
0.889999 0.500000
0.899999 0.500000
0.909999 0.500000
0.919999 0.500000
0.929999 0.500000
0.939999 0.500000
0.949999 0.500000
0.959999 0.500000
0.969999 0.500000
0.979999 0.500000
0.989999 0.500000
0.999999 0.500000
1.009999 0.500000
1.019999 0.500000
1.029999 0.500000
1.039999 0.500000
1.049999 0.500000
1.059999 0.500000
1.069999 0.500000
1.079999 0.500000
1.089999 0.500000
1.099999 0.500000
1.109999 0.500000
1.119999 0.500000
1.129999 0.500000
1.139999 0.500000
1.149999 0.500000
1.159999 0.500000
1.169999 0.500000
1.179999 0.500000
1.189999 0.500000
1.199999 0.500000
1.209999 0.500000
1.219999 0.500000
1.229999 0.500000
1.239999 0.500000
1.249999 0.500000
1.259999 0.500000
1.269999 0.500000
1.279999 0.500000
1.289999 0.500000
1.299999 0.500000
1.309999 0.500000
1.319999 0.500000
1.329999 0.500000
1.339999 0.500000
1.349999 0.500000
1.359999 0.500000
1.369999 0.500000
1.379999 0.500000
1.389999 0.500000
1.399999 0.500000
1.409999 0.500000
1.419999 0.500000
1.429999 0.500000
1.439999 0.500000
1.449999 0.500000
1.459999 0.500000
1.469999 0.500000
1.479999 0.500000
1.489999 0.500000
1.499999 0.500000
1.509999 0.500000
1.519999 0.500000
1.529999 0.500000
1.539999 0.500000
1.549999 0.500000
1.559999 0.500000
1.569999 0.500000
1.579999 0.500000
1.589999 0.500000
1.599999 0.500000
1.609999 0.500000
1.619999 0.500000
1.629999 0.500000
1.639999 0.500000
1.649999 0.500000
1.659999 0.500000
1.669999 0.500000
1.679999 0.500000
1.689999 0.500000
1.699999 0.500000
1.709999 0.500000
1.719999 0.500000
1.729999 0.500000
1.739999 0.500000
1.749999 0.500000
1.759999 0.500000
1.769999 0.500000
1.779999 0.500000
1.789999 0.500000
1.799999 0.500000
1.809999 0.500000
1.819999 0.500000
1.829999 0.500000
1.839999 0.500000
1.849999 0.500000
1.859999 0.500000
1.869999 0.500000
1.879999 0.500000
1.889999 0.500000
1.899999 0.500000
1.909999 0.500000
1.919999 0.500000
1.929999 0.500000
1.939999 0.500000
1.949998 0.500000
1.959998 0.500000
1.969998 0.500000
1.979998 0.500000
1.989998 0.500000
1.999998 0.500000
2.009999 0.500000
2.019999 0.500000
2.029999 0.500000
2.039999 0.500000
2.049999 0.500000
2.059999 0.500000
2.069999 0.500000
2.079998 0.500000
2.089998 0.500000
2.099998 0.500000
2.109998 0.500000
2.119998 0.500000
2.129998 0.500000
2.139998 0.500000
2.149998 0.500000
2.159998 0.500000
2.169998 0.500000
2.179998 0.500000
2.189998 0.500000
2.199998 0.500000
2.209998 0.500000
2.219998 0.500000
2.229998 0.500000
2.239998 0.500000
2.249998 0.500000
2.259998 0.500000
2.269998 0.500000
2.279998 0.500000
2.289998 0.500000
2.299998 0.500000
2.309998 0.500000
2.319998 0.500000
2.329998 0.500000
2.339998 0.500000
2.349998 0.500000
2.359998 0.500000
2.369998 0.500000
2.379998 0.500000
2.389998 0.500000
2.399998 0.500000
2.409998 0.500000
2.419998 0.500000
2.429998 0.500000
2.439998 0.500000
2.449998 0.500000
2.459998 0.500000
2.469998 0.500000
2.479998 0.500000
2.489998 0.500000
2.499998 0.500000
2.509998 0.500000
2.519998 0.500000
2.529998 0.500000
2.539998 0.500000
2.549998 0.500000
2.559998 0.500000
2.569998 0.500000
2.579998 0.500000
2.589998 0.500000
2.599998 0.500000
2.609998 0.500000
2.619998 0.500000
2.629998 0.500000
2.639998 0.500000
2.649998 0.500000
2.659998 0.500000
2.669998 0.500000
2.679998 0.500000
2.689998 0.500000
2.699998 0.500000
2.709998 0.500000
2.719998 0.500000
2.729998 0.500000
2.739998 0.500000
2.749998 0.500000
2.759998 0.500000
2.769998 0.500000
2.779998 0.500000
2.789998 0.500000
2.799998 0.500000
2.809998 0.500000
2.819998 0.500000
2.829998 0.500000
2.839998 0.500000
2.849998 0.500000
2.859998 0.500000
2.869998 0.500000
2.879998 0.500000
2.889998 0.500000
2.899998 0.500000
2.909998 0.500000
2.919998 0.500000
2.929998 0.500000
2.939998 0.500000
2.949998 0.500000
2.959998 0.500000
2.969998 0.500000
2.979998 0.500000
2.989998 0.500000
2.999998 0.500000
3.009998 0.500000
3.019998 0.500000
3.029998 0.500000
3.039998 0.500000
3.049998 0.500000
3.059998 0.500000
3.069998 0.500000
3.079998 0.500000
3.089998 0.500000
3.099998 0.500000
3.109998 0.500000
3.119998 0.500000
3.129997 0.500000
3.139997 0.500000
3.149997 0.500000
3.159997 0.500000
3.169997 0.500000
3.179997 0.500000
3.189997 0.500000
3.199997 0.500000
3.209997 0.500000
3.219997 0.500000
3.229997 0.500000
3.239997 0.500000
3.249997 0.500000
3.259997 0.500000
3.269997 0.500000
3.279997 0.500000
3.289997 0.500000
3.299997 0.500000
3.309997 0.500000
3.319997 0.500000
3.329997 0.500000
3.339997 0.500000
3.349997 0.500000
3.359997 0.500000
3.369997 0.500000
3.379997 0.500000
3.389997 0.500000
3.399997 0.500000
3.409997 0.500000
3.419997 0.500000
3.429997 0.500000
3.439997 0.500000
3.449997 0.500000
3.459997 0.500000
3.469997 0.500000
3.479997 0.500000
3.489997 0.500000
3.499997 0.500000
3.509997 0.500000
3.519997 0.500000
3.529997 0.500000
3.539997 0.500000
3.549997 0.500000
3.559997 0.500000
3.569997 0.500000
3.579997 0.500000
3.589997 0.500000
3.599997 0.500000
3.609997 0.500000
3.619997 0.500000
3.629997 0.500000
3.639997 0.500000
3.649997 0.500000
3.659997 0.500000
3.669997 0.500000
3.679997 0.500000
3.689997 0.500000
3.699997 0.500000
3.709997 0.500000
3.719997 0.500000
3.729997 0.500000
3.739997 0.500000
3.749997 0.500000
3.759997 0.500000
3.769997 0.500000
3.779997 0.500000
3.789997 0.500000
3.799997 0.500000
3.809997 0.500000
3.819997 0.500000
3.829997 0.500000
3.839997 0.500000
3.849997 0.500000
3.859997 0.500000
3.869997 0.500000
3.879997 0.500000
3.889997 0.500000
3.899997 0.500000
3.909997 0.500000
3.919997 0.500000
3.929997 0.500000
3.939997 0.500000
3.949997 0.500000
3.959997 0.500000
3.969997 0.500000
3.979997 0.500000
3.989997 0.500000
3.999997 0.500000
4.009997 0.500000
4.019997 0.500000
4.029997 0.500000
4.039998 0.500000
4.049998 0.500000
4.059998 0.500000
4.069998 0.500000
4.079998 0.500000
4.089999 0.500000
4.099999 0.500000
4.109999 0.500000
4.119999 0.500000
4.130000 0.500000
4.140000 0.500000
4.150000 0.500000
4.160000 0.500000
4.170001 0.500000
4.180001 0.500000
4.190001 0.500000
4.200001 0.500000
4.210001 0.500000
4.220002 0.500000
4.230002 0.500000
4.240002 0.500000
4.250002 0.500000
4.260003 0.500000
4.270003 0.500000
4.280003 0.500000
4.290003 0.500000
4.300004 0.500000
4.310004 0.500000
4.320004 0.500000
4.330004 0.500000
4.340004 0.500000
4.350005 0.500000
4.360005 0.500000
4.370005 0.500000
4.380005 0.500000
4.390006 0.500000
4.400006 0.500000
4.410006 0.500000
4.420006 0.500000
4.430007 0.500000
4.440007 0.500000
4.450007 0.500000
4.460007 0.500000
4.470007 0.500000
4.480008 0.500000
4.490008 0.500000
4.500008 0.500000
4.510008 0.500000
4.520009 0.500000
4.530009 0.500000
4.540009 0.500000
4.550009 0.500000
4.560009 0.500000
4.570010 0.500000
4.580010 0.500000
4.590010 0.500000
4.600010 0.500000
4.610011 0.500000
4.620011 0.500000
4.630011 0.500000
4.640011 0.500000
4.650012 0.500000
4.660012 0.500000
4.670012 0.500000
4.680012 0.500000
4.690012 0.500000
4.700013 0.500000
4.710013 0.500000
4.720013 0.500000
4.730013 0.500000
4.740014 0.500000
4.750014 0.500000
4.760014 0.500000
4.770014 0.500000
4.780015 0.500000
4.790015 0.500000
4.800015 0.500000
4.810015 0.500000
4.820015 0.500000
4.830016 0.500000
4.840016 0.500000
4.850016 0.500000
4.860016 0.500000
4.870017 0.500000
4.880017 0.500000
4.890017 0.500000
4.900017 0.500000
4.910017 0.500000
4.920018 0.500000
4.930018 0.500000
4.940018 0.500000
4.950018 0.500000
4.960019 0.500000
4.970019 0.500000
4.980019 0.500000
4.990019 0.500000
5.000020 0.500000
5.010020 0.500000
5.020020 0.500000
5.030020 0.500000
5.040020 0.500000
5.050021 0.500000
5.060021 0.500000
5.070021 0.500000
5.080021 0.500000
5.090022 0.500000
5.100022 0.500000
5.110022 0.500000
5.120022 0.500000
5.130023 0.500000
5.140023 0.500000
5.150023 0.500000
5.160023 0.500000
5.170023 0.500000
5.180024 0.500000
5.190024 0.500000
5.200024 0.500000
5.210024 0.500000
5.220025 0.500000
5.230025 0.500000
5.240025 0.500000
5.250025 0.500000
5.260026 0.500000
5.270026 0.500000
5.280026 0.500000
5.290026 0.500000
5.300026 0.500000
5.310027 0.500000
5.320027 0.500000
5.330027 0.500000
5.340027 0.500000
5.350028 0.500000
5.360028 0.500000
5.370028 0.500000
5.380028 0.500000
5.390028 0.500000
5.400029 0.500000
5.410029 0.500000
5.420029 0.500000
5.430029 0.500000
5.440030 0.500000
5.450030 0.500000
5.460030 0.500000
5.470030 0.500000
5.480031 0.500000
5.490031 0.500000
5.500031 0.500000
5.510031 0.500000
5.520031 0.500000
5.530032 0.500000
5.540032 0.500000
5.550032 0.500000
5.560032 0.500000
5.570033 0.500000
5.580033 0.500000
5.590033 0.500000
5.600033 0.500000
5.610034 0.500000
5.620034 0.500000
5.630034 0.500000
5.640034 0.500000
5.650034 0.500000
5.660035 0.500000
5.670035 0.500000
5.680035 0.500000
5.690035 0.500000
5.700036 0.500000
5.710036 0.500000
5.720036 0.500000
5.730036 0.500000
5.740036 0.500000
5.750037 0.500000
5.760037 0.500000
5.770037 0.500000
5.780037 0.500000
5.790038 0.500000
5.800038 0.500000
5.810038 0.500000
5.820038 0.500000
5.830039 0.500000
5.840039 0.500000
5.850039 0.500000
5.860039 0.500000
5.870039 0.500000
5.880040 0.500000
5.890040 0.500000
5.900040 0.500000
5.910040 0.500000
5.920041 0.500000
5.930041 0.500000
5.940041 0.500000
5.950041 0.500000
5.960042 0.500000
5.970042 0.500000
5.980042 0.500000
5.990042 0.500000
6.000042 0.500000
6.010043 0.500000
6.020043 0.500000
6.030043 0.500000
6.040043 0.500000
6.050044 0.500000
6.060044 0.500000
6.070044 0.500000
6.080044 0.500000
6.090044 0.500000
6.100045 0.500000
6.110045 0.500000
6.120045 0.500000
6.130045 0.500000
6.140046 0.500000
6.150046 0.500000
6.160046 0.500000
6.170046 0.500000
6.180047 0.500000
6.190047 0.500000
6.200047 0.500000
6.210047 0.500000
6.220047 0.500000
6.230048 0.500000
6.240048 0.500000
6.250048 0.500000
6.260048 0.500000
6.270049 0.500000
6.280049 0.500000
6.290049 0.500000
6.300049 0.500000
6.310050 0.500000
6.320050 0.500000
6.330050 0.500000
6.340050 0.500000
6.350050 0.500000
6.360051 0.500000
6.370051 0.500000
6.380051 0.500000
6.390051 0.500000
6.400052 0.500000
6.410052 0.500000
6.420052 0.500000
6.430052 0.500000
6.440053 0.500000
6.450053 0.500000
6.460053 0.500000
6.470053 0.500000
6.480053 0.500000
6.490054 0.500000
6.500054 0.500000
6.510054 0.500000
6.520054 0.500000
6.530055 0.500000
6.540055 0.500000
6.550055 0.500000
6.560055 0.500000
6.570055 0.500000
6.580056 0.500000
6.590056 0.500000
6.600056 0.500000
6.610056 0.500000
6.620057 0.500000
6.630057 0.500000
6.640057 0.500000
6.650057 0.500000
6.660058 0.500000
6.670058 0.500000
6.680058 0.500000
6.690058 0.500000
6.700058 0.500000
6.710059 0.500000
6.720059 0.500000
6.730059 0.500000
6.740059 0.500000
6.750060 0.500000
6.760060 0.500000
6.770060 0.500000
6.780060 0.500000
6.790061 0.500000
6.800061 0.500000
6.810061 0.500000
6.820061 0.500000
6.830061 0.500000
6.840062 0.500000
6.850062 0.500000
6.860062 0.500000
6.870062 0.500000
6.880063 0.500000
6.890063 0.500000
6.900063 0.500000
6.910063 0.500000
6.920063 0.500000
6.930064 0.500000
6.940064 0.500000
6.950064 0.500000
6.960064 0.500000
6.970065 0.500000
6.980065 0.500000
6.990065 0.500000
7.000065 0.500000
7.010066 0.500000
7.020066 0.500000
7.030066 0.500000
7.040066 0.500000
7.050066 0.500000
7.060067 0.500000
7.070067 0.500000
7.080067 0.500000
7.090067 0.500000
7.100068 0.500000
7.110068 0.500000
7.120068 0.500000
7.130068 0.500000
7.140069 0.500000
7.150069 0.500000
7.160069 0.500000
7.170069 0.500000
7.180069 0.500000
7.190070 0.500000
7.200070 0.500000
7.210070 0.500000
7.220070 0.500000
7.230071 0.500000
7.240071 0.500000
7.250071 0.500000
7.260071 0.500000
7.270072 0.500000
7.280072 0.500000
7.290072 0.500000
7.300072 0.500000
7.310072 0.500000
7.320073 0.500000
7.330073 0.500000
7.340073 0.500000
7.350073 0.500000
7.360074 0.500000
7.370074 0.500000
7.380074 0.500000
7.390074 0.500000
7.400074 0.500000
7.410075 0.500000
7.420075 0.500000
7.430075 0.500000
7.440075 0.500000
7.450076 0.500000
7.460076 0.500000
7.470076 0.500000
7.480076 0.500000
7.490077 0.500000
7.500077 0.500000
7.510077 0.500000
7.520077 0.500000
7.530077 0.500000
7.540078 0.500000
7.550078 0.500000
7.560078 0.500000
7.570078 0.500000
7.580079 0.500000
7.590079 0.500000
7.600079 0.500000
7.610079 0.500000
7.620080 0.500000
7.630080 0.500000
7.640080 0.500000
7.650080 0.500000
7.660080 0.500000
7.670081 0.500000
7.680081 0.500000
7.690081 0.500000
7.700081 0.500000
7.710082 0.500000
7.720082 0.500000
7.730082 0.500000
7.740082 0.500000
7.750082 0.500000
7.760083 0.500000
7.770083 0.500000
7.780083 0.500000
7.790083 0.500000
7.800084 0.500000
7.810084 0.500000
7.820084 0.500000
7.830084 0.500000
7.840085 0.500000
7.850085 0.500000
7.860085 0.500000
7.870085 0.500000
7.880085 0.500000
7.890086 0.500000
7.900086 0.500000
7.910086 0.500000
7.920086 0.500000
7.930087 0.500000
7.940087 0.500000
7.950087 0.500000
7.960087 0.500000
7.970088 0.500000
7.980088 0.500000
7.990088 0.500000
8.000088 0.500000
8.010088 0.500000
8.020088 0.500000
8.030088 0.500000
8.040089 0.500000
8.050089 0.500000
8.060089 0.500000
8.070089 0.500000
8.080090 0.500000
8.090090 0.500000
8.100090 0.500000
8.110090 0.500000
8.120090 0.500000
8.130091 0.500000
8.140091 0.500000
8.150091 0.500000
8.160091 0.500000
8.170092 0.500000
8.180092 0.500000
8.190092 0.500000
8.200092 0.500000
8.210093 0.500000
8.220093 0.500000
8.230093 0.500000
8.240093 0.500000
8.250093 0.500000
8.260094 0.500000
8.270094 0.500000
8.280094 0.500000
8.290094 0.500000
8.300095 0.500000
8.310095 0.500000
8.320095 0.500000
8.330095 0.500000
8.340096 0.500000
8.350096 0.500000
8.360096 0.500000
8.370096 0.500000
8.380096 0.500000
8.390097 0.500000
8.400097 0.500000
8.410097 0.500000
8.420097 0.500000
8.430098 0.500000
8.440098 0.500000
8.450098 0.500000
8.460098 0.500000
8.470098 0.500000
8.480099 0.500000
8.490099 0.500000
8.500099 0.500000
8.510099 0.500000
8.520100 0.500000
8.530100 0.500000
8.540100 0.500000
8.550100 0.500000
8.560101 0.500000
8.570101 0.500000
8.580101 0.500000
8.590101 0.500000
8.600101 0.500000
8.610102 0.500000
8.620102 0.500000
8.630102 0.500000
8.640102 0.500000
8.650103 0.500000
8.660103 0.500000
8.670103 0.500000
8.680103 0.500000
8.690104 0.500000
8.700104 0.500000
8.710104 0.500000
8.720104 0.500000
8.730104 0.500000
8.740105 0.500000
8.750105 0.500000
8.760105 0.500000
8.770105 0.500000
8.780106 0.500000
8.790106 0.500000
8.800106 0.500000
8.810106 0.500000
8.820107 0.500000
8.830107 0.500000
8.840107 0.500000
8.850107 0.500000
8.860107 0.500000
8.870108 0.500000
8.880108 0.500000
8.890108 0.500000
8.900108 0.500000
8.910109 0.500000
8.920109 0.500000
8.930109 0.500000
8.940109 0.500000
8.950109 0.500000
8.960110 0.500000
8.970110 0.500000
8.980110 0.500000
8.990110 0.500000
9.000111 0.500000
9.010111 0.500000
9.020111 0.500000
9.030111 0.500000
9.040112 0.500000
9.050112 0.500000
9.060112 0.500000
9.070112 0.500000
9.080112 0.500000
9.090113 0.500000
9.100113 0.500000
9.110113 0.500000
9.120113 0.500000
9.130114 0.500000
9.140114 0.500000
9.150114 0.500000
9.160114 0.500000
9.170115 0.500000
9.180115 0.500000
9.190115 0.500000
9.200115 0.500000
9.210115 0.500000
9.220116 0.500000
9.230116 0.500000
9.240116 0.500000
9.250116 0.500000
9.260117 0.500000
9.270117 0.500000
9.280117 0.500000
9.290117 0.500000
9.300117 0.500000
9.310118 0.500000
9.320118 0.500000
9.330118 0.500000
9.340118 0.500000
9.350119 0.500000
9.360119 0.500000
9.370119 0.500000
9.380119 0.500000
9.390120 0.500000
9.400120 0.500000
9.410120 0.500000
9.420120 0.500000
9.430120 0.500000
9.440121 0.500000
9.450121 0.500000
9.460121 0.500000
9.470121 0.500000
9.480122 0.500000
9.490122 0.500000
9.500122 0.500000
9.510122 0.500000
9.520123 0.500000
9.530123 0.500000
9.540123 0.500000
9.550123 0.500000
9.560123 0.500000
9.570124 0.500000
9.580124 0.500000
9.590124 0.500000
9.600124 0.500000
9.610125 0.500000
9.620125 0.500000
9.630125 0.500000
9.640125 0.500000
9.650126 0.500000
9.660126 0.500000
9.670126 0.500000
9.680126 0.500000
9.690126 0.500000
9.700127 0.500000
9.710127 0.500000
9.720127 0.500000
9.730127 0.500000
9.740128 0.500000
9.750128 0.500000
9.760128 0.500000
9.770128 0.500000
9.780128 0.500000
9.790129 0.500000
9.800129 0.500000
9.810129 0.500000
9.820129 0.500000
9.830130 0.500000
9.840130 0.500000
9.850130 0.500000
9.860130 0.500000
9.870131 0.500000
9.880131 0.500000
9.890131 0.500000
9.900131 0.500000
9.910131 0.500000
9.920132 0.500000
9.930132 0.500000
9.940132 0.500000
9.950132 0.500000
9.960133 0.500000
9.970133 0.500000
9.980133 0.500000
9.990133 0.500000
10.000134 0.500000
10.010134 0.500000
10.020134 0.500000
10.030134 0.500000
10.040134 0.500000
10.050135 0.500000
10.060135 0.500000
10.070135 0.500000
10.080135 0.500000
10.090136 0.500000
10.100136 0.500000
10.110136 0.500000
10.120136 0.500000
10.130136 0.500000
10.140137 0.500000
10.150137 0.500000
10.160137 0.500000
10.170137 0.500000
10.180138 0.500000
10.190138 0.500000
10.200138 0.500000
10.210138 0.500000
10.220139 0.500000
10.230139 0.500000
10.240139 0.500000
10.250139 0.500000
10.260139 0.500000
10.270140 0.500000
10.280140 0.500000
10.290140 0.500000
10.300140 0.500000
10.310141 0.500000
10.320141 0.500000
10.330141 0.500000
10.340141 0.500000
10.350142 0.500000
10.360142 0.500000
10.370142 0.500000
10.380142 0.500000
10.390142 0.500000
10.400143 0.500000
10.410143 0.500000
10.420143 0.500000
10.430143 0.500000
10.440144 0.500000
10.450144 0.500000
10.460144 0.500000
10.470144 0.500000
10.480145 0.500000
10.490145 0.500000
10.500145 0.500000
10.510145 0.500000
10.520145 0.500000
10.530146 0.500000
10.540146 0.500000
10.550146 0.500000
10.560146 0.500000
10.570147 0.500000
10.580147 0.500000
10.590147 0.500000
10.600147 0.500000
10.610147 0.500000
10.620148 0.500000
10.630148 0.500000
10.640148 0.500000
10.650148 0.500000
10.660149 0.500000
10.670149 0.500000
10.680149 0.500000
10.690149 0.500000
10.700150 0.500000
10.710150 0.500000
10.720150 0.500000
10.730150 0.500000
10.740150 0.500000
10.750151 0.500000
10.760151 0.500000
10.770151 0.500000
10.780151 0.500000
10.790152 0.500000
10.800152 0.500000
10.810152 0.500000
10.820152 0.500000
10.830153 0.500000
10.840153 0.500000
10.850153 0.500000
10.860153 0.500000
10.870153 0.500000
10.880154 0.500000
10.890154 0.500000
10.900154 0.500000
10.910154 0.500000
10.920155 0.500000
10.930155 0.500000
10.940155 0.500000
10.950155 0.500000
10.960155 0.500000
10.970156 0.500000
10.980156 0.500000
10.990156 0.500000
11.000156 0.500000
11.010157 0.500000
11.020157 0.500000
11.030157 0.500000
11.040157 0.500000
11.050158 0.500000
11.060158 0.500000
11.070158 0.500000
11.080158 0.500000
11.090158 0.500000
11.100159 0.500000
11.110159 0.500000
11.120159 0.500000
11.130159 0.500000
11.140160 0.500000
11.150160 0.500000
11.160160 0.500000
11.170160 0.500000
11.180161 0.500000
11.190161 0.500000
11.200161 0.500000
11.210161 0.500000
11.220161 0.500000
11.230162 0.500000
11.240162 0.500000
11.250162 0.500000
11.260162 0.500000
11.270163 0.500000
11.280163 0.500000
11.290163 0.500000
11.300163 0.500000
11.310163 0.500000
11.320164 0.500000
11.330164 0.500000
11.340164 0.500000
11.350164 0.500000
11.360165 0.500000
11.370165 0.500000
11.380165 0.500000
11.390165 0.500000
11.400166 0.500000
11.410166 0.500000
11.420166 0.500000
11.430166 0.500000
11.440166 0.500000
11.450167 0.500000
11.460167 0.500000
11.470167 0.500000
11.480167 0.500000
11.490168 0.500000
11.500168 0.500000
11.510168 0.500000
11.520168 0.500000
11.530169 0.500000
11.540169 0.500000
11.550169 0.500000
11.560169 0.500000
11.570169 0.500000
11.580170 0.500000
11.590170 0.500000
11.600170 0.500000
11.610170 0.500000
11.620171 0.500000
11.630171 0.500000
11.640171 0.500000
11.650171 0.500000
11.660172 0.500000
11.670172 0.500000
11.680172 0.500000
11.690172 0.500000
11.700172 0.500000
11.710173 0.500000
11.720173 0.500000
11.730173 0.500000
11.740173 0.500000
11.750174 0.500000
11.760174 0.500000
11.770174 0.500000
11.780174 0.500000
11.790174 0.500000
11.800175 0.500000
11.810175 0.500000
11.820175 0.500000
11.830175 0.500000
11.840176 0.500000
11.850176 0.500000
11.860176 0.500000
11.870176 0.500000
11.880177 0.500000
11.890177 0.500000
11.900177 0.500000
11.910177 0.500000
11.920177 0.500000
11.930178 0.500000
11.940178 0.500000
11.950178 0.500000
11.960178 0.500000
11.970179 0.500000
11.980179 0.500000
11.990179 0.500000
12.000179 0.500000
12.010180 0.500000
12.020180 0.500000
12.030180 0.500000
12.040180 0.500000
12.050180 0.500000
12.060181 0.500000
12.070181 0.500000
12.080181 0.500000
12.090181 0.500000
12.100182 0.500000
12.110182 0.500000
12.120182 0.500000
12.130182 0.500000
12.140182 0.500000
12.150183 0.500000
12.160183 0.500000
12.170183 0.500000
12.180183 0.500000
12.190184 0.500000
12.200184 0.500000
12.210184 0.500000
12.220184 0.500000
12.230185 0.500000
12.240185 0.500000
12.250185 0.500000
12.260185 0.500000
12.270185 0.500000
12.280186 0.500000
12.290186 0.500000
12.300186 0.500000
12.310186 0.500000
12.320187 0.500000
12.330187 0.500000
12.340187 0.500000
12.350187 0.500000
12.360188 0.500000
12.370188 0.500000
12.380188 0.500000
12.390188 0.500000
12.400188 0.500000
12.410189 0.500000
12.420189 0.500000
12.430189 0.500000
12.440189 0.500000
12.450190 0.500000
12.460190 0.500000
12.470190 0.500000
12.480190 0.500000
12.490191 0.500000
12.500191 0.500000
12.510191 0.500000
12.520191 0.500000
12.530191 0.500000
12.540192 0.500000
12.550192 0.500000
12.560192 0.500000
12.570192 0.500000
12.580193 0.500000
12.590193 0.500000
12.600193 0.500000
12.610193 0.500000
12.620193 0.500000
12.630194 0.500000
12.640194 0.500000
12.650194 0.500000
12.660194 0.500000
12.670195 0.500000
12.680195 0.500000
12.690195 0.500000
12.700195 0.500000
12.710196 0.500000
12.720196 0.500000
12.730196 0.500000
12.740196 0.500000
12.750196 0.500000
12.760197 0.500000
12.770197 0.500000
12.780197 0.500000
12.790197 0.500000
12.800198 0.500000
12.810198 0.500000
12.820198 0.500000
12.830198 0.500000
12.840199 0.500000
12.850199 0.500000
12.860199 0.500000
12.870199 0.500000
12.880199 0.500000
12.890200 0.500000
12.900200 0.500000
12.910200 0.500000
12.920200 0.500000
12.930201 0.500000
12.940201 0.500000
12.950201 0.500000
12.960201 0.500000
12.970201 0.500000
12.980202 0.500000
12.990202 0.500000
13.000202 0.500000
13.010202 0.500000
13.020203 0.500000
13.030203 0.500000
13.040203 0.500000
13.050203 0.500000
13.060204 0.500000
13.070204 0.500000
13.080204 0.500000
13.090204 0.500000
13.100204 0.500000
13.110205 0.500000
13.120205 0.500000
13.130205 0.500000
13.140205 0.500000
13.150206 0.500000
13.160206 0.500000
13.170206 0.500000
13.180206 0.500000
13.190207 0.500000
13.200207 0.500000
13.210207 0.500000
13.220207 0.500000
13.230207 0.500000
13.240208 0.500000
13.250208 0.500000
13.260208 0.500000
13.270208 0.500000
13.280209 0.500000
13.290209 0.500000
13.300209 0.500000
13.310209 0.500000
13.320210 0.500000
13.330210 0.500000
13.340210 0.500000
13.350210 0.500000
13.360210 0.500000
13.370211 0.500000
13.380211 0.500000
13.390211 0.500000
13.400211 0.500000
13.410212 0.500000
13.420212 0.500000
13.430212 0.500000
13.440212 0.500000
13.450212 0.500000
13.460213 0.500000
13.470213 0.500000
13.480213 0.500000
13.490213 0.500000
13.500214 0.500000
13.510214 0.500000
13.520214 0.500000
13.530214 0.500000
13.540215 0.500000
13.550215 0.500000
13.560215 0.500000
13.570215 0.500000
13.580215 0.500000
13.590216 0.500000
13.600216 0.500000
13.610216 0.500000
13.620216 0.500000
13.630217 0.500000
13.640217 0.500000
13.650217 0.500000
13.660217 0.500000
13.670218 0.500000
13.680218 0.500000
13.690218 0.500000
13.700218 0.500000
13.710218 0.500000
13.720219 0.500000
13.730219 0.500000
13.740219 0.500000
13.750219 0.500000
13.760220 0.500000
13.770220 0.500000
13.780220 0.500000
13.790220 0.500000
13.800220 0.500000
13.810221 0.500000
13.820221 0.500000
13.830221 0.500000
13.840221 0.500000
13.850222 0.500000
13.860222 0.500000
13.870222 0.500000
13.880222 0.500000
13.890223 0.500000
13.900223 0.500000
13.910223 0.500000
13.920223 0.500000
13.930223 0.500000
13.940224 0.500000
13.950224 0.500000
13.960224 0.500000
13.970224 0.500000
13.980225 0.500000
13.990225 0.500000
14.000225 0.500000
14.010225 0.500000
14.020226 0.500000
14.030226 0.500000
14.040226 0.500000
14.050226 0.500000
14.060226 0.500000
14.070227 0.500000
14.080227 0.500000
14.090227 0.500000
14.100227 0.500000
14.110228 0.500000
14.120228 0.500000
14.130228 0.500000
14.140228 0.500000
14.150229 0.500000
14.160229 0.500000
14.170229 0.500000
14.180229 0.500000
14.190229 0.500000
14.200230 0.500000
14.210230 0.500000
14.220230 0.500000
14.230230 0.500000
14.240231 0.500000
14.250231 0.500000
14.260231 0.500000
14.270231 0.500000
14.280231 0.500000
14.290232 0.500000
14.300232 0.500000
14.310232 0.500000
14.320232 0.500000
14.330233 0.500000
14.340233 0.500000
14.350233 0.500000
14.360233 0.500000
14.370234 0.500000
14.380234 0.500000
14.390234 0.500000
14.400234 0.500000
14.410234 0.500000
14.420235 0.500000
14.430235 0.500000
14.440235 0.500000
14.450235 0.500000
14.460236 0.500000
14.470236 0.500000
14.480236 0.500000
14.490236 0.500000
14.500237 0.500000
14.510237 0.500000
14.520237 0.500000
14.530237 0.500000
14.540237 0.500000
14.550238 0.500000
14.560238 0.500000
14.570238 0.500000
14.580238 0.500000
14.590239 0.500000
14.600239 0.500000
14.610239 0.500000
14.620239 0.500000
14.630239 0.500000
14.640240 0.500000
14.650240 0.500000
14.660240 0.500000
14.670240 0.500000
14.680241 0.500000
14.690241 0.500000
14.700241 0.500000
14.710241 0.500000
14.720242 0.500000
14.730242 0.500000
14.740242 0.500000
14.750242 0.500000
14.760242 0.500000
14.770243 0.500000
14.780243 0.500000
14.790243 0.500000
14.800243 0.500000
14.810244 0.500000
14.820244 0.500000
14.830244 0.500000
14.840244 0.500000
14.850245 0.500000
14.860245 0.500000
14.870245 0.500000
14.880245 0.500000
14.890245 0.500000
14.900246 0.500000
14.910246 0.500000
14.920246 0.500000
14.930246 0.500000
14.940247 0.500000
14.950247 0.500000
14.960247 0.500000
14.970247 0.500000
14.980247 0.500000
14.990248 0.500000
15.000248 0.500000
15.010248 0.500000
15.020248 0.500000
15.030249 0.500000
15.040249 0.500000
15.050249 0.500000
15.060249 0.500000
15.070250 0.500000
15.080250 0.500000
15.090250 0.500000
15.100250 0.500000
15.110250 0.500000
15.120251 0.500000
15.130251 0.500000
15.140251 0.500000
15.150251 0.500000
15.160252 0.500000
15.170252 0.500000
15.180252 0.500000
15.190252 0.500000
15.200253 0.500000
15.210253 0.500000
15.220253 0.500000
15.230253 0.500000
15.240253 0.500000
15.250254 0.500000
15.260254 0.500000
15.270254 0.500000
15.280254 0.500000
15.290255 0.500000
15.300255 0.500000
15.310255 0.500000
15.320255 0.500000
15.330256 0.500000
15.340256 0.500000
15.350256 0.500000
15.360256 0.500000
15.370256 0.500000
15.380257 0.500000
15.390257 0.500000
15.400257 0.500000
15.410257 0.500000
15.420258 0.500000
15.430258 0.500000
15.440258 0.500000
15.450258 0.500000
15.460258 0.500000
15.470259 0.500000
15.480259 0.500000
15.490259 0.500000
15.500259 0.500000
15.510260 0.500000
15.520260 0.500000
15.530260 0.500000
15.540260 0.500000
15.550261 0.500000
15.560261 0.500000
15.570261 0.500000
15.580261 0.500000
15.590261 0.500000
15.600262 0.500000
15.610262 0.500000
15.620262 0.500000
15.630262 0.500000
15.640263 0.500000
15.650263 0.500000
15.660263 0.500000
15.670263 0.500000
15.680264 0.500000
15.690264 0.500000
15.700264 0.500000
15.710264 0.500000
15.720264 0.500000
15.730265 0.500000
15.740265 0.500000
15.750265 0.500000
15.760265 0.500000
15.770266 0.500000
15.780266 0.500000
15.790266 0.500000
15.800266 0.500000
15.810266 0.500000
15.820267 0.500000
15.830267 0.500000
15.840267 0.500000
15.850267 0.500000
15.860268 0.500000
15.870268 0.500000
15.880268 0.500000
15.890268 0.500000
15.900269 0.500000
15.910269 0.500000
15.920269 0.500000
15.930269 0.500000
15.940269 0.500000
15.950270 0.500000
15.960270 0.500000
15.970270 0.500000
15.980270 0.500000
15.990271 0.500000
16.000271 0.500000
16.010271 0.500000
16.020271 0.500000
16.030272 0.500000
16.040272 0.500000
16.050272 0.500000
16.060272 0.500000
16.070272 0.500000
16.080273 0.500000
16.090273 0.500000
16.100273 0.500000
16.110273 0.500000
16.120274 0.500000
16.130274 0.500000
16.140274 0.500000
16.150274 0.500000
16.160275 0.500000
16.170275 0.500000
16.180275 0.500000
16.190275 0.500000
16.200275 0.500000
16.210276 0.500000
16.220276 0.500000
16.230276 0.500000
16.240276 0.500000
16.250277 0.500000
16.260277 0.500000
16.270277 0.500000
16.280277 0.500000
16.290277 0.500000
16.300278 0.500000
16.310278 0.500000
16.320278 0.500000
16.330278 0.500000
16.340279 0.500000
16.350279 0.500000
16.360279 0.500000
16.370279 0.500000
16.380280 0.500000
16.390280 0.500000
16.400280 0.500000
16.410280 0.500000
16.420280 0.500000
16.430281 0.500000
16.440281 0.500000
16.450281 0.500000
16.460281 0.500000
16.470282 0.500000
16.480282 0.500000
16.490282 0.500000
16.500282 0.500000
16.510283 0.500000
16.520283 0.500000
16.530283 0.500000
16.540283 0.500000
16.550283 0.500000
16.560284 0.500000
16.570284 0.500000
16.580284 0.500000
16.590284 0.500000
16.600285 0.500000
16.610285 0.500000
16.620285 0.500000
16.630285 0.500000
16.640285 0.500000
16.650286 0.500000
16.660286 0.500000
16.670286 0.500000
16.680286 0.500000
16.690287 0.500000
16.700287 0.500000
16.710287 0.500000
16.720287 0.500000
16.730288 0.500000
16.740288 0.500000
16.750288 0.500000
16.760288 0.500000
16.770288 0.500000
16.780289 0.500000
16.790289 0.500000
16.800289 0.500000
16.810289 0.500000
16.820290 0.500000
16.830290 0.500000
16.840290 0.500000
16.850290 0.500000
16.860291 0.500000
16.870291 0.500000
16.880291 0.500000
16.890291 0.500000
16.900291 0.500000
16.910292 0.500000
16.920292 0.500000
16.930292 0.500000
16.940292 0.500000
16.950293 0.500000
16.960293 0.500000
16.970293 0.500000
16.980293 0.500000
16.990294 0.500000
17.000294 0.500000
17.010294 0.500000
17.020294 0.500000
17.030294 0.500000
17.040295 0.500000
17.050295 0.500000
17.060295 0.500000
17.070295 0.500000
17.080296 0.500000
17.090296 0.500000
17.100296 0.500000
17.110296 0.500000
17.120296 0.500000
17.130297 0.500000
17.140297 0.500000
17.150297 0.500000
17.160297 0.500000
17.170298 0.500000
17.180298 0.500000
17.190298 0.500000
17.200298 0.500000
17.210299 0.500000
17.220299 0.500000
17.230299 0.500000
17.240299 0.500000
17.250299 0.500000
17.260300 0.500000
17.270300 0.500000
17.280300 0.500000
17.290300 0.500000
17.300301 0.500000
17.310301 0.500000
17.320301 0.500000
17.330301 0.500000
17.340302 0.500000
17.350302 0.500000
